06_630x475.jpg
89814
1|5.241553485770055
2|5.15853279379462
3|5.168510226916169
4|5.155674606024604
5|5.151294476973817
6|5.154262758602499
7|5.14858749106952
8|5.149926100088123
9|5.199656393759824
10|5.141671895731179
11|5.1540463509318215
12|5.14381612719103
13|5.158568231731806
14|5.1649706857383535
15|5.164026146582728
16|5.142097623484688
17|5.147387798765521
18|5.155564984671855
19|5.154084151398365
20|5.15738980219021
21|5.173605257288727
22|5.1574176800340865
23|5.155794622505709
24|5.148874774614569
25|5.149525887649588
26|5.155417090346873
27|5.147359920921417
28|5.1622249543559064
29|5.15491198161385
30|5.155092006335508
31|5.1632526545377
32|5.148152785705406
33|5.187155779502291
34|5.171280528601756
35|5.182062166647256
36|5.169204337981455
37|5.150163770520976
38|5.145324838308625
39|5.151921019705242
40|5.169485006445029
41|5.148066317138273
42|5.1579360189305135
43|5.148739637947301
44|5.136220123456269
45|5.166152895326604
46|5.1718135151786555
47|5.144934548492529
48|5.164850669257248
49|5.158439237640096
50|5.156838860391417
51|5.160012209550814
52|5.14373863623473
53|5.149245219186014
54|5.16849038167129
55|5.147971343466224
56|5.149984690811152
57|5.178633191833569
58|5.174048940264129
59|5.168107651948503
60|5.153051726158083
61|5.153953739789131
62|5.162588311339732
63|5.16895721743208
64|5.142352304127371
65|5.167154607687962
66|5.150367420533939
67|5.145238842247409
68|5.147662797158773
69|5.153364052512416
70|5.13988204364432
71|5.142937266345825
72|5.143311490963924
73|5.123713839128641
74|5.135382843124262
75|5.142280010735249
76|5.134368373105644
77|5.126403342317417
78|5.138875606225156
79|5.135268024207562
80|5.1361501925935045
81|5.1404920486720584
82|5.14110725126352
83|5.155107126522125
84|5.138194252817129
85|5.135426786166363
86|5.145614011876887
87|5.14320564965783
88|5.327851005681396
89|5.152916589490815
90|5.143427727398148
91|5.141611887490626
92|5.155066491020534
93|5.142514846133281
94|5.141960124287834
95|5.149444616646633
96|5.168430373430738
97|5.150351355335715
98|5.147279594930069
99|5.150843706411251
100|5.134573440636132
