10_1024x768.jpg
290737
1|15.8347486457983
2|15.834339928254849
3|15.715961152460295
4|15.780438825614965
5|15.761363292723217
6|15.766900588553199
7|15.72702109644024
8|15.697899617081475
9|15.702775404748536
10|15.785916113204621
11|15.725071064877284
12|15.76616395196288
13|15.746275709042493
14|15.744870004195946
15|15.83051026849671
16|15.732363719868317
17|15.786449099781748
18|15.824595440507437
19|15.786831829504536
20|15.797404619972895
21|15.753330221094984
22|15.741256279602567
23|15.788269192241842
24|15.741663579628494
25|15.715601103017889
26|15.783347571509239
27|15.7800173504138
28|15.760489156936274
29|15.72050665855204
30|15.73282441305355
31|15.720878993146925
32|15.777953917451669
33|15.808224530990628
34|15.802078175144743
35|15.745046721376639
36|15.772246992027704
37|15.756722812959651
38|15.770880505165223
39|15.73441297765612
40|16.069891644963263
41|15.78878942116171
42|15.750145531796079
43|15.750282558487015
44|15.805903109844621
45|15.723922403202323
46|15.76342578067397
47|15.843681368527996
48|15.787838266924155
49|15.78727267744489
50|15.819437094353816
51|15.752919613527865
52|15.783383009446425
53|15.757354553255027
54|15.769665220168463
55|15.771986641314925
56|15.871232238505854
57|15.752162186681744
58|15.733821872861881
59|15.736201412225455
60|15.74475660279677
61|15.788486544924126
62|15.768794391922711
63|15.806710149803166
64|15.766295781089866
65|15.738340918626818
66|15.80509228983874
67|15.734928009011583
68|15.773432509157374
69|15.752560509096384
70|15.738897530495251
71|15.7665556592965
72|15.737305658351943
73|15.738852642441998
74|15.754029529724448
75|15.890440545536421
76|15.819841559344695
77|15.7853991918264
78|15.726621829013311
79|15.79831939126143
80|15.76471335906308
81|15.843596789984986
82|15.753577814150049
83|15.734352024403961
84|15.757106960199962
85|15.793257908802843
86|15.782362396851568
87|15.792837851118747
88|15.793651978665366
89|15.770015346989567
90|15.78564631237532
91|15.802628171931246
92|15.81620609948368
93|15.791061229195293
94|15.791838501287202
95|15.758361463180336
96|15.81299636737549
97|15.709623431753243
98|15.76155843763172
99|15.816345488703519
100|15.747617153095234
